-3193.68 -0.516916 667014
-3230.53 -0.506314 664295
-3252.44 -0.49506 662889
-3248.1 -0.511344 662122
-3289.61 -0.515244 658977
-3303.89 -0.50234 657150
-3328.05 -0.502005 655258
-3350.3 -0.510043 652803
-3375 -0.50186 651720
-3387.55 -0.506268 648909
-3393.27 -0.502252 648698
-3390.7 -0.517584 648177
-3428.96 -0.496384 645198
-3458.99 -0.515962 642170
-3476.63 -0.519581 641045
-3488.24 -0.514347 639555
-3535.76 -0.514451 636334
-3546.12 -0.527767 633479
-3555.91 -0.519137 633037
-3559.45 -0.513771 632109
-3623.55 -0.506703 627775
-3611.09 -0.51812 627512
-3633.24 -0.525275 625554
-3672.43 -0.513816 623314
-3701.28 -0.516998 620017
-3739.08 -0.512985 616728
-3715.71 -0.525376 618074
-3754.84 -0.517983 614559
-3795.13 -0.518385 610593
-3812.57 -0.520035 609116
-3866.04 -0.514435 605600
-3853.33 -0.53044 605069
-3889.55 -0.519117 602284
-3913.89 -0.520284 599529
-3931.78 -0.532968 597952
-3978.32 -0.530739 593554
-3999.8 -0.519246 591465
-4035.08 -0.530136 589018
-4073.13 -0.513286 586281
-4122.02 -0.524616 582711
-4130.29 -0.530365 580471
-4164.45 -0.525977 579210
-4174.25 -0.532626 576428
-4200.35 -0.53684 574322
-4239.36 -0.528099 571020
-4291.87 -0.53844 567636
-4318.05 -0.540766 563714
-4355.46 -0.532905 562058
-4393.94 -0.528469 558150
-4426.14 -0.534317 554811
-4473.63 -0.530279 550667
-4475.81 -0.538276 549776
-4561.58 -0.530493 544660
-4580.86 -0.540237 542444
-4600.55 -0.539536 539036
-4629.38 -0.528835 537421
-4662.76 -0.532555 533886
-4758 -0.541027 528336
-4722.1 -0.539412 528096
-4802.88 -0.540369 524273
-4848.17 -0.532899 519048
-4879.35 -0.546262 515783
-4974.29 -0.53192 509793
-4991.43 -0.537583 507630
-5024.46 -0.536243 505111
-5076.79 -0.53786 500830
-5089.97 -0.538129 498346
-5185.48 -0.543086 492990
-5256.89 -0.532145 487219
-5276.49 -0.540542 484813
-5328.81 -0.53798 481173
-5386.61 -0.531399 476965
-5441.92 -0.537889 472216
-5512.65 -0.534543 466812
-5581.9 -0.525952 460617
-5642.4 -0.527228 457154
-5696.63 -0.539663 452821
-5756.56 -0.538126 448561
-5824.94 -0.534241 443413
-5882.39 -0.529513 439159
-5927.36 -0.523244 435138
-5999.53 -0.52049 430041
-6118.03 -0.521742 422414
-6148.18 -0.51634 419409
-6339.23 -0.514793 407756
-6291.24 -0.518283 408749
-6441.92 -0.519919 400720
-6462.43 -0.511601 396934
-6621.12 -0.503113 388159
-6661.15 -0.515298 384683
-6759.67 -0.508539 378239
-6858.4 -0.512033 371645
-6940.39 -0.497126 365955
-7068.41 -0.495345 357920
-7173.03 -0.499796 351243
-7145.08 -0.491304 351271
-7490.3 -0.482506 333347
-7575.64 -0.466804 327697
-7682.61 -0.472632 321127
-7748.34 -0.469014 315606
-7842.71 -0.469436 309268
-8079.02 -0.457438 297347
-8106.12 -0.450369 294005
-8489.87 -0.44302 274612
-8461.42 -0.442354 274295
-8649.66 -0.435414 264257
-9279.93 -0.402818 233893
-9355.5 -0.390746 229211
-9714.43 -0.379378 212246
-9733.9 -0.382892 209985
-10071.1 -0.366327 193250
-10909 -0.311055 155949
-11033.6 -0.305749 150578
-11276.9 -0.29414 138344
-11612.4 -0.274448 123208
-11638.4 -0.276036 119884
-11786.8 -0.257306 113423
-12014.2 -0.248469 102824
-12270.9 -0.22529 92462
-12266.6 -0.226007 91462
-12499.7 -0.219168 81946
-12532.3 -0.207103 79302
-12688.6 -0.19265 72414
-12876.3 -0.183858 64653
-12927.6 -0.183304 62103
-13061.7 -0.16483 56364
-13120.5 -0.160709 53472
-13195.3 -0.157547 49928
-13336 -0.143834 44141
-13398 -0.135394 41140
-13445.4 -0.131011 39107
-13527.5 -0.12483 35736
-13635.6 -0.116445 31587
-13657.2 -0.111462 29989
-13720.2 -0.102409 28091
-13772.8 -0.101612 25123
-13848.4 -0.092552 22317
-13883.2 -0.0865197 20864
-13938.7 -0.0802423 18661
-13958.9 -0.0757149 17369
-14000.7 -0.0731869 15797
-14035.9 -0.0667441 14289
-14077.1 -0.0619361 12767
-14114.2 -0.0569791 11359
-14130.1 -0.0525399 10534
-14155.6 -0.0469807 9279
-14182.7 -0.0439871 8599
-14214.8 -0.0380198 7288
-14224.6 -0.0363461 6854
-14255 -0.0322137 5636
-14266.2 -0.0304545 5072
-14281.2 -0.0264463 4685
-14299.8 -0.0248557 3883
-14314 -0.0212431 3526
-14327.6 -0.0191997 2937
-14335.1 -0.0170741 2520
-14344.7 -0.0132277 2148
-14355 -0.0122052 1803
-14364.4 -0.00946336 1441
-14363.9 -0.0102815 1375
-14368.1 -0.00914411 1171
-14375.6 -0.00645776 896
-14383.1 -0.00543501 674
-14385 -0.00461939 625
-14387.3 -0.00390576 486
-14389.2 -0.00333067 440
-14392.1 -0.00263 311
-14394.6 -0.00193149 203
-14395.1 -0.00156709 186
-14395.8 -0.00136329 142
-14396.9 -0.000997878 132
-14398.6 -0.000540394 56
-14398.9 -0.000425756 34
-14399.3 -0.000258506 32
-14399.1 -0.000341594 34
-14399.7 -0.000107544 16
-14399.8 -6.03389e-005 2
-14399.8 -8.30889e-005 8
-14399.9 -4.80167e-005 4
-14400 -1.96389e-005 4
-14400 0 0
-14400 0 0
-14400 0 0
-14400 0 0
-14400 0 0
-14400 0 0
-14400 0 0
-14400 0 0
-14400 0 0
-14400 0 0
-14400 0 0
-14400 0 0
-14400 0 0
-14400 0 0
-14400 0 0
-14400 0 0
-14400 0 0
-14400 0 0
-14400 0 0
-14400 0 0
